6	6
3	0	3.165755240392434E-5
3	1	4.133635784889544E-6	2.735113293977648E-5
3	2	-5.478467113510249E-6	2.872785233984536E-6
3	3	4.916565305515595E-6	3.58627673443582E-6
4	0	-1.550602062062573E-5
4	1	4.030815680251697E-6	3.597598800548986E-6
4	2	-2.147616888618906E-7	-2.023614140362316E-6
4	3	3.888387341079027E-7	-1.16712576034957E-8
4	4	6.560922368379463E-9	-2.740854637180881E-7
5	0	5.782164577318097E-6
5	1	4.183246698282841E-7	1.835642868829488E-6
5	2	-7.022911829823883E-7	-1.904621330785608E-7
5	3	1.104853309119147E-7	9.05264474418594E-9
5	4	-3.648223421835304E-8	-2.658285078139633E-8
5	5	-1.106049993332465E-8	9.39815230583198E-9
6	0	-4.910936960938517E-6
6	1	1.434483855630674E-6	-1.208565308898904E-6
6	2	1.084400574011133E-7	1.848742732279561E-7
6	3	2.004399750724924E-8	6.982703177447878E-9
6	4	3.862846696220848E-9	1.010398906673043E-8
6	5	1.353507556663927E-9	1.324732296857531E-9
6	6	6.509863828348781E-10	1.935644014831557E-10