6	6
3	0	8.91750185841849E-6
3	1	2.83174725772789E-5	5.883715385405961E-6
3	2	4.857612784272641E-6	1.692260111194739E-6
3	3	1.680560317529157E-6	-2.388118177298663E-7
4	0	-9.85311289362079E-6
4	1	-5.628720831928515E-6	1.609074952350712E-6
4	2	-1.59205535805058E-6	-1.49424146312634E-6
4	3	-7.809923952517272E-8	-8.0371342075452E-7
4	4	-1.274076433539051E-7	8.08314351736582E-8
5	0	7.37423414321592E-7
5	1	-8.87714249858756E-7	-3.528448010773444E-6
5	2	7.081457581578833E-7	1.57366048320228E-7
5	3	1.463992116735525E-8	2.86203460298231E-7
5	4	2.134571311318243E-8	1.13744472234163E-9
5	5	7.711071516549156E-9	-6.708139801378874E-9
6	0	-1.360161402221729E-5
6	1	1.268698234570967E-6	-2.020441971612173E-6
6	2	-5.399550606629476E-7	-2.688315907242089E-7
6	3	-6.927457967289518E-8	-7.058419074405537E-8
6	4	1.148481973630891E-9	-1.510468427828091E-8
6	5	1.25127605225741E-9	-8.34827969807802E-9
6	6	-1.102061501327845E-9	1.654703151198395E-9